1 1 1 1 1 1 1 1 1 0
1 3 3 3 3 3 3 3 3 0
1 1 1 1 1 1 1 1 3 0
1 1 1 1 1 1 1 3 1 0
1 1 1 1 1 1 3 1 1 0
1 1 1 1 1 3 1 1 1 1
4 4 4 4 3 1 1 1 1 0
4 4 4 3 6 1 1 1 1 0
4 3 3 3 3 3 3 3 3 0
4 5 1 1 1 1 1 1 1 0
3 3 3 3 3 3 3 3 3 0
3 1 1 1 1 1 1 3 1 5
3 1 1 1 3 1 1 3 1 0
3 1 1 1 3 1 1 1 1 3
3 1 3 3 3 1 6 1 1 3
3 1 1 1 1 1 1 1 1 3
3 1 3 4 4 3 3 3 1 3
3 1 3 3 3 3 1 1 1 3
3 1 1 1 1 1 1 1 1 3
3 3 3 3 3 3 3 3 3 0
3 3 3 3 3 3 3 5 3 0
3 1 6 3 1 1 1 1 1 0
3 1 1 3 1 3 1 3 1 0
3 1 3 3 1 3 1 3 1 3
3 1 1 3 1 3 1 3 1 3
3 3 1 3 1 3 1 3 1 3
3 1 1 3 1 3 1 3 1 3
3 1 3 3 1 3 1 3 1 3
3 1 1 1 1 3 1 1 1 3
3 3 3 3 3 3 3 3 3 0
3 3 3 3 3 3 3 3 3 0
1 1 1 1 1 1 1 1 1 0
1 1 1 1 1 1 1 1 1 0
1 1 1 1 1 1 1 1 1 3
1 1 1 1 5 6 1 1 1 3
1 1 1 1 1 1 1 1 1 3
1 1 1 1 1 1 1 1 1 3
1 1 1 1 1 1 1 1 1 3
1 1 1 1 1 1 1 1 1 3
3 3 3 3 3 3 3 3 3 0
3 3 3 3 3 3 3 3 3 6
1 1 1 1 1 1 1 1 1 0
1 3 3 3 3 3 3 3 3 0
1 1 1 1 1 1 1 1 1 1
3 3 3 3 3 3 3 3 3 1
1 1 1 1 1 1 1 1 1 1
1 3 3 3 3 3 3 3 3 1
1 3 1 1 1 1 1 1 1 1
1 3 3 3 3 3 3 3 3 3
1 1 1 1 1 5 3 4 4 0